Easting,Northing,Mag
535843.0884,4069300.961,1.1638690011750441e-11
535843.0215,4069303.149,-0.22278325972147428
535842.9559,4069305.346,-0.8448375658248537
535842.8921,4069307.535,-1.3675398306455477
535842.8299,4069309.716,-1.4908900544163757
535842.769,4069311.907,-1.0134303295868463
535842.7097,4069314.1,-0.6358086150488802
535842.6517,4069316.304,-0.8572959571727523
535842.5957,4069318.503,-1.6791882735094958
535842.541,4069320.706,-2.1007566104875863
535842.4870000001,4069322.904,-2.1227299216203406
535842.4322,4069325.115,-2.2436502997647025
535842.3753,4069327.327,-2.1644896829966456
535842.3148,4069329.549,-1.4845191177446395
535842.2505,4069331.762,-0.8052775061223656
535842.1822,4069333.974,-0.426116889412512
535842.1108,4069336.175,-0.5478472160408288
535842.0369,4069338.382,-1.2690915735438466
535841.9617,4069340.587,-1.3904979208135018
535841.8843,4069342.799,-1.2113373040454434
535841.8046,4069345.003,-1.5328246461111092
535841.7214,4069347.207,-1.9543119882349842
535841.6354,4069349.403,-2.0764472891343786
535841.5465,4069351.61,-1.5976916466373936
535841.4562,4069353.817,-1.2189360041986248
535841.3666,4069356.034,-1.2393704131594845
535841.2807,4069358.244,-1.4603717860998557
535841.1993,4069360.4460000005,-1.382021117873954
535841.1223,4069362.659,-1.3027795063098893
535841.0507,4069364.871,-1.3236188896000414
535840.9836,4069367.085,-1.3442962831235477
535840.9198,4069369.307,-1.8643257178133368
535840.8585,4069371.518,-2.685246095899494
535840.7969,4069373.728,-3.0062474688980743
535840.7326,4069375.927,-3.0281397852348135
535840.6639,4069378.133,-3.049465137650259
535840.5912,4069380.337,-2.8709524797159247
535840.5153,4069382.547,-3.0919538527145036
535840.4395,4069384.746,-3.7138461690512514
535840.3652,4069386.944,-4.135819480242205
535840.2932,4069389.131,-3.9586837348295347
535840.2232,4069391.325,-3.9809810254373588
535840.155,4069393.517,-4.703440305811817
535840.0877,4069395.718,-5.425170632440128
535840.0211,4069397.912,-5.647467923047955
535839.9538,4069400.11,-6.169441234297118
535839.8855,4069402.304,-6.991738524904939
535839.8152,4069404.514,-7.412739897845313
535839.7426,4069406.73,-8.133255301660391
535839.6674,4069408.964,-8.952312798157799
535839.5920000001,4069411.194,-9.471694274013863
535839.5179999999,4069413.429,-10.290670775657055
535839.4465,4069415.658,-10.310133246425536
535839.3772,4069417.894,-10.42902875315631
535839.3099,4069420.126,-11.448248239303936
535839.244,4069422.36,-12.66730573580135
535839.1798,4069424.577,-13.48774014476221
535839.1163,4069426.773,-14.409875445719809
535839.0526,4069428.967,-15.73217273632763
535838.9887,4069431.152,-16.55519898062339
535838.9244,4069433.341,-17.37790124550229
535838.8605,4069435.519,-18.901494453835767
535838.7964,4069437.701,-20.524763682694175
535838.7313,4069439.89,-22.047465947573073
535838.664,4069442.08,-23.870087217597757
535838.5914,4069444.292,-25.390926600887905
535838.5143,4069446.511,-26.711199020140338
535838.4343,4069448.745,-28.030256516579538
535838.3551,4069450.973,-29.64979998220224
535838.2798,4069453.198,-31.869586432387585
535838.2098,4069455.411,-34.29034482076531
535838.1448,4069457.627,-36.41086022458039
535838.084,4069459.838,-38.93178060272476
535838.0261,4069462.052,-41.75245799624827
535837.9693,4069464.255,-44.47402633316815
535837.9115,4069466.458,-47.39559467014624
535837.8525,4069468.654,-50.517729971045625
535837.7926,4069470.862,-53.33889333369443
535837.7336,4069473.084,-56.758922768442424
535837.6776,4069475.302,-60.57927618254907
535837.6245,4069477.524,-64.49930561723886
535837.5734,4069479.742,-69.11965903140371
535837.5216,4069481.973,-73.53895951240557
535837.4670000001,4069484.204,-77.45825999346562
535837.4081,4069486.445,-81.57675052598351
535837.3453,4069488.675,-86.49613200183958
535837.2808,4069490.901,-91.9158374571125
535837.2156,4069493.122,-97.13594788671472
535837.1496,4069495.338,-102.4564632905298
535837.081,4069497.549,-108.17738366861595
535837.0095,4069499.755,-114.3987090210314
535836.9359,4069501.956,-120.32043934771791
535836.8613,4069504.156,-126.34225066920044
535836.7878,4069506.355,-132.36414298553717
535836.7171,4069508.555,-138.5859543070197
535836.6503,4069510.759,-145.20744164908538
535836.5885,4069512.965,-152.42876700150083
535836.5324,4069515.175,-159.0497683744994
535836.4806,4069517.388,-165.67052676287713
535836.4322,4069519.604,-172.4910421666922
535836.3866,4069521.823,-179.41131458600285
535836.3443,4069524.043,-186.03150601040107
535836.3044,4069526.265,-192.65153544509084
535836.2662,4069528.488,-199.87148388498463
535836.2286,4069530.71,-207.09151331967442
535836.1892,4069532.931,-213.51162374927662
535836.1463,4069535.15,-219.33189616852906
535836.0984,4069537.369,-225.5521685878397
535836.0454,4069539.589,-231.5723600122379
535835.9870000001,4069541.812,-237.29230845207348
535835.9255,4069544.035,-243.31225689196725
535835.8625,4069546.258,-248.73220533180285
535835.7998,4069548.478,-253.65239675620106
535835.7397,4069550.702,-258.0722642012406
535835.683,4069552.915,-262.39302258961834
535835.629,4069555.123,-266.61418595232533
535835.5768,4069557.319,-270.33632125322475
535835.5245,4069559.52,-273.55805157985304
535835.4719,4069561.718,-276.8800248911022
535835.419,4069563.921,-279.6015932280221
535835.3664,4069566.112,-281.82413350319257
535835.3137,4069568.297,-283.94715974754655
535835.2605,4069570.467,-286.1714009145973
535835.2059,4069572.642,-287.59523710749346
535835.1494,4069574.82,-288.3188303157687
535835.0913,4069576.984,-288.943557452003
535835.0323,4069579.145,-289.36852757279996
535834.9738,4069581.293,-289.49455062670165
535834.9167,4069583.4460000005,-290.3201687062741
535834.863,4069585.596,-290.6460297705256
535834.813,4069587.754,-290.0712428758852
535834.7677,4069589.904,-289.8971039400785
535834.7272,4069592.054,-290.02296500427184
535834.6917,4069594.194,-289.5496360170073
535834.6587,4069596.346,-288.77533509149214
535834.626,4069598.508,-288.10022421743486
535834.5917,4069600.664,-287.5255993125029
535834.5527,4069602.824,-286.35065042815404
535834.5077,4069604.977,-285.2762685077847
535834.4554,4069607.141,-284.6009956440772
535834.3958,4069609.308,-283.62547979569064
535834.3278,4069611.489,-281.94883001946147
535834.254,4069613.664,-280.37266621229935
535834.1763,4069615.842,-278.89625942057467
535834.0977,4069618.016,-277.4201766082668
535834.0215,4069620.201,-275.8432028525625
535833.9509,4069622.388,-274.46606710720806
535833.8877,4069624.583,-272.78828340296167
535833.834,4069626.766,-270.91147163696587
535833.7928,4069628.938,-269.1355508143664
535833.7631,4069631.095,-267.7608449145802
535833.7442,4069633.251,-265.68622000964825
535833.7343,4069635.398,-263.0123240584042
535833.7288,4069637.547,-260.7382661175099
535833.7202,4069639.688,-258.56485613533295
535833.7023,4069641.831,-256.19128416350577
535833.6716,4069643.97,-253.51803617109545
535833.6241,4069646.13,-250.9430872867466
535833.5631,4069648.303,-249.06708546929295
535833.4914,4069650.475,-246.6911646466935
535833.4113,4069652.654,-243.91467686011455
535833.3247,4069654.83,-241.13843205815647
535833.2349,4069657.016,-238.76137730759802
535833.1446,4069659.202,-236.38432255703955
535833.055,4069661.397,-233.80653885285136
535832.9684,4069663.581,-231.32964609200135
535832.8845,4069665.765,-228.85275333115132
535832.8033,4069667.939,-226.47667051884346
535832.7237,4069670.12,-224.10002074255607
535832.6466,4069672.299,-222.12353295597714
535832.572,4069674.485,-220.5464782054769
535832.5007,4069676.658,-218.57047638802322
535832.4318,4069678.828,-216.79471755513222
535832.365,4069680.986,-215.0199306604918
535832.2991,4069683.152,-213.14449580701768
535832.2343,4069685.318,-211.26906095354352
535832.1707,4069687.495,-209.192735156673
535832.1089,4069689.668,-207.21673333921936
535832.0487,4069691.846,-205.54032654755284
535831.9902,4069694.021,-204.06416274033253
535831.933,4069696.208,-202.0870269949781
535831.8766,4069698.4,-200.40948627529434
535831.8198,4069700.603,-199.5310546122142
535831.7619,4069702.796,-198.35343289773445
535831.7017,4069704.987,-196.97597317290493
535831.6385,4069707.166,-195.89948538632598
535831.573,4069709.351,-194.62251163067995
535831.5066,4069711.535,-192.94561886977172
535831.4413,4069713.727,-190.96807815014617
535831.3805,4069715.909,-188.9913473790046
535831.325,4069718.092,-187.21453561300876
535831.2752,4069720.265,-186.13853379555513
535831.23,4069722.445,-185.46196501418018
535831.1876,4069724.623,-183.68555822245543
535831.1449,4069726.806,-181.70874645645964
535831.1006,4069728.979,-179.53274463900598
535831.0529,4069731.151,-177.95682381640654
535830.9999,4069733.317,-176.3813889629906
535830.941,4069735.494,-174.20506316612008
535830.876,4069737.675,-171.82841338983272
535830.8055,4069739.869,-169.35071068044053
535830.7311,4069742.06,-166.973250955611
535830.6552,4069744.253,-164.89562924107304
535830.58,4069746.442,-162.61833150601015
535830.5068,4069748.643,-160.24006183263845
535830.4382,4069750.848,-158.16146817984992
535830.3735,4069753.067,-156.28174059916054
535830.3122,4069755.28,-154.30249898753829
535830.2522,4069757.496,-152.02301439141155
535830.1909,4069759.706,-149.94401576435195
535830.125,4069761.927,-148.46412619389594
535830.0531,4069764.151,-146.5839936389355
535829.9738,4069766.387,-144.40288914566628
535829.8886,4069768.616,-142.22235161643476
535829.8012,4069770.843,-140.24197607685346
535829.7151,4069773.059,-138.86249148072676
535829.632,4069775.279,-137.58268290512495
535829.5547,4069777.492,-136.2034412935027
535829.4825,4069779.709,-135.02387570252176
535829.4149,4069781.911,-134.04552503429585
535829.3493,4069784.108,-132.46757934034105
535829.2834,4069786.289,-130.39092956411187
535829.216,4069788.471,-128.31419879297027
535829.1482,4069790.645,-127.03811598066241
535829.0806,4069792.823,-125.86170918893768
535829.0145,4069794.988,-123.38635533031774
535828.9498,4069797.154,-120.7109204768436
535828.8877,4069799.316,-118.03580960278632
535828.8284,4069801.496,-115.65924082141137
535828.7742,4069803.687,-113.38178109658183
535828.7249,4069805.9,-110.30253948495957
535828.6813,4069808.114,-106.62321687854129
535828.6433,4069810.337,-102.94316531837686
535828.6115,4069812.557,-99.56335674277507
535828.5833,4069814.791,-95.48241423927247
535828.557,4069817.026,-90.90139074085747
535828.531,4069819.268,-86.41980027852114
535828.504,4069821.496,-81.63934374414384
535828.4755,4069823.717,-76.25945417368784
535828.4454,4069825.919,-70.48110350546195
535828.4135,4069828.121,-64.50275283729425
535828.3802,4069830.314,-58.82513112275628
535828.3454,4069832.509,-53.94734741850989
535828.3092,4069834.69,-49.37069764222251
535828.2703,4069836.868,-43.59429085055599
535828.2265,4069839.037,-37.1186130125192
535828.1764,4069841.213,-30.7423682105029
535828.1201,4069843.387,-24.166285398195033
535828.0592,4069845.562,-18.19012159103295
535827.9971,4069847.746,-12.013228830241133
535827.9379,4069849.92,-5.637146017933264
535827.8829999999,4069852.095,0.4390177892870266
535827.8333,4069854.27,6.515181596390903
535827.7886,4069856.448,12.791588388115635
535827.7463,4069858.633,18.56856214381987
535827.7052,4069860.825,24.44610286350362
535827.6641,4069863.024,31.024210547166874
535827.6215,4069865.233,37.70312817931408
535827.5766,4069867.4460000005,44.582369790936355
535827.5291,4069869.661,50.961773392208855
535827.4789,4069871.874,56.84101500383113
535827.4265,4069874.083,62.81993263603654
535827.3723,4069876.284,68.09820230935001
535827.3162,4069878.479,73.97598601359641
535827.2586,4069880.668,80.45328374871751
535827.2016,4069882.851,86.33009551465511
535827.1476,4069885.03,91.10658330123405
535827.0993,4069887.204,96.28266611354192
535827.0591,4069889.375,101.35850594128715
535827.0295,4069891.538,106.03369781019865
535827.0081,4069893.7,110.10880868425593
535826.9914,4069895.861,113.783838563459
535826.9753,4069898.025,117.25911142722471
535826.9556,4069900.195,120.3348702600575
535826.9311,4069902.371,122.31111506207381
535826.9016,4069904.555,124.38800782292384
535826.8673,4069906.748,126.46562953746178
535826.8282,4069908.949,128.44389921083348
535826.7854,4069911.157,129.82273584812646
535826.7395,4069913.379,130.40270641343668
535826.6917,4069915.596,131.1822720044176
535826.6429,4069917.809,131.76151361603988
535826.5936,4069920.032,131.74156517620432
535826.5443,4069922.253,131.7214547466021
535826.4952,4069924.48,131.40183028618338
535826.4472,4069926.691,130.58090990803902
535826.3999,4069928.894,129.25934157111914
535826.3531,4069931.078,127.93623433196916
535826.3054,4069933.261,126.71304609790678
535826.2561,4069935.432,125.28888592565198
535826.2044,4069937.602,123.464644758543
535826.1502,4069939.758,121.53926966347498
535826.0920000001,4069941.914,119.61389456840698
535826.0289,4069944.066,117.68819549392211
535825.9623,4069946.233,115.96371134225046
535825.8944,4069948.409,114.13995614426676
535825.8273,4069950.603,112.11765885365894
535825.7646,4069952.797,110.39536156299292
535825.7071,4069955.0,107.37379322607303
535825.6544,4069957.206,104.2524678736576
535825.6051,4069959.407,102.93073754708749
535825.5568,4069961.616,101.6096551792347
535825.5081,4069963.824,99.58849181658589
535825.4578,4069966.037,97.46773342814996
535825.4063,4069968.238,95.34600310152163
535825.3527,4069970.436,92.72402979033068
535825.2972,4069972.622,90.30108454088914
535825.2384,4069974.815,88.27870625536889
535825.1758,4069977.006,86.95616598019842
535825.1084,4069979.203,85.83411167415325
535825.0386,4069981.388,83.91108542979927
535824.9678,4069983.572,81.48797819070751
535824.8978,4069985.748,79.0642229926656
535824.8295,4069987.931,77.34103475866141
535824.7632,4069990.114,76.11784652465721
535824.6992,4069992.304,74.69522525463253
535824.6389,4069994.483,73.57171304115327
535824.5837,4069996.655,72.04763386375271
535824.5335,4069998.816,70.22266374295577
535824.4867,4070000.984,68.69826058613835
535824.4416,4070003.151,67.1737764344667
535824.3963,4070005.33,65.05026422104565
535824.3497,4070007.503,63.226266038499304
535824.3011,4070009.677,62.002348850807174
535824.2514,4070011.843,60.37778370422311
535824.2029,4070014.015,59.253704526822546
535824.1582,4070016.186,58.82954435456777
535824.119,4070018.364,57.7059511462925
535824.0867,4070020.533,56.08162898432929
535824.0627,4070022.703,54.7573878172203
535824.0459,4070024.869,53.93282267069444
535824.0353,4070027.046,53.10914846756496
535824.0304,4070029.223,51.88547426443547
535824.0304,4070031.407,50.362367025227286
535824.0328,4070033.58,48.53836884268094
535824.0345,4070035.747,47.3138846910093
535824.0321,4070037.899,47.18818561652442
535824.0196,4070040.054,46.862729526602195
535823.9958,4070042.201,45.736625477846246
535823.9606,4070044.351,44.610764413652944
535823.9157,4070046.49,43.68401240606327
535823.8614,4070048.627,42.95709840876516
535823.8012,4070050.756,42.12953645263333
535823.7361,4070052.895,40.90278444504365
535823.6676,4070055.038,39.87635641687084
535823.5971,4070057.195,39.051062316657045
535823.5267,4070059.347,38.02536324217217
535823.4567,4070061.503,37.69998814710416
535823.3875,4070063.651,37.47396509320242
535823.3191,4070065.809,36.04875198784284
535823.2525,4070067.964,34.92329589792062
535823.1881,4070070.127,34.698487766832116
535823.1261,4070072.279,34.17278869234724
535823.0661,4070074.43,33.44700862300815
535823.0073,4070076.574,32.92066158968955
535822.9485,4070078.733,32.19552947918419
535822.8893,4070080.898,31.270883337804115
535822.8289,4070083.081,30.547695103741717
535822.7683,4070085.264,29.724506869737525
535822.7077,4070087.454,29.40188559971284
535822.6482,4070089.64,28.878940350271296
535822.5914,4070091.835,28.35672405451769
535822.5386,4070094.029,28.23442676390987
535822.4905,4070096.218,27.711724498972764
535822.4472,4070098.41,26.28926521865651
535822.4072,4070100.588,25.26567201038124
535822.3666,4070102.764,24.94191681239754
535822.323,4070104.931,24.51743266066769
535822.2744,4070107.11,23.993920447246637
535822.2204,4070109.299,24.071218182367737
535822.1629,4070111.505,23.549892830010503
535822.1044,4070113.709,22.72840548788663
535822.0467,4070115.918,22.207323120092042
535821.9914,4070118.119,22.08559279346373
535821.9385,4070120.327,21.66442943075672
535821.8888,4070122.53,20.842861093836838
535821.8418,4070124.736,20.1215357414796
535821.7976,4070126.925,19.898833476542496
535821.7542,4070129.109,19.675726237450725
535821.7107,4070131.28,19.35156606513774
535821.6664,4070133.457,19.527891862008254
535821.6209,4070135.634,18.90421765887877
535821.5738,4070137.822,17.881434399145654
535821.5252,4070140.005,17.758246165083257
535821.4744,4070142.192,17.435381910495927
535821.4225,4070144.374,16.512112681637518
535821.3704,4070146.565,15.78957240646705
535821.3186,4070148.758,15.367194120946806
535821.2668,4070150.959,15.145463794318493
535821.2146,4070153.152,15.223085508856457
535821.1607,4070155.344,15.000626228540204
535821.1045,4070157.526,14.777356999681796
535821.0449,4070159.716,14.354735729598906
535820.9806,4070161.906,14.232114459574223
535820.9114,4070164.104,13.810141148325055
535820.8378,4070166.293,13.387438883504364
535820.7604,4070168.482,12.964736618567258
535820.6803,4070170.671,12.64203435368836
535820.5997,4070172.85,12.318522140267305
535820.5198,4070175.036,11.995576890767552
535820.4424,4070177.22,11.772469651675783
535820.3698,4070179.41,11.649848381592893
535820.3036,4070181.592,11.426579152734485
535820.2446,4070183.776,11.103471913584508
535820.1929,4070185.954,10.97987870525103
535820.1488,4070188.141,11.0570144506637
535820.1105,4070190.33,10.734312185784802
535820.0774,4070192.526,10.212176884885412
535820.0487,4070194.709,9.588988650823012
535820.0232,4070196.884,9.165152458043304
535819.9982,4070199.052,9.440749301225878
535819.9720000001,4070201.203,9.51496923188679
535819.9426,4070203.354,9.189189162489493
535819.9085,4070205.499,8.66292312402511
535819.8694,4070207.649,8.337062059890012
535819.825,4070209.792,8.210634031658993
535819.7753,4070211.94,8.084610977757256
535819.7194,4070214.099,7.959478867251892
535819.6584,4070216.265,7.934913720726035
535819.5928,4070218.44,8.111077527888119
535819.5237,4070220.621,8.087727304175496
535819.453,4070222.805,7.564620065025519
535819.3839,4070224.99,7.241593820729758
535819.3181,4070227.172,7.118324591813144
535819.2556,4070229.353,7.0949743681005195
535819.1973,4070231.528,7.271138175262603
535819.1429,4070233.7,6.94705899786204
535819.0933,4070235.868,6.622655840986408
535819.0487,4070238.033,6.198009699606336
535819.0083,4070240.197,5.773282563430257
535818.9692,4070242.362,5.748636422050186
535818.9293,4070244.528,5.524071275466122
535818.8874,4070246.695,5.19958712379448
535818.8428,4070248.861,4.775021977268626
535818.7964,4070251.023,4.4501328513259075
535818.7484,4070253.181,4.924919745966328
535818.6993,4070255.334,5.299301666335669
535818.6498,4070257.481,5.473197617579718
535818.6009,4070259.624,5.046769589406903
535818.5528,4070261.765,3.920179571525658
535818.505,4070263.908,3.5937515433528446
535818.4565,4070266.055,4.1676474945968955
535818.4071,4070268.209,4.342110409820453
535818.3577,4070270.37,4.31714028902352
535818.3095,4070272.546,4.1933850910398185
535818.2647,4070274.72,3.6694679033476874
535818.2233,4070276.901,3.446117679635062
535818.1852,4070279.078,3.2224434765055783
535818.149,4070281.266,3.199660216714257
535818.1133,4070283.455,3.376957951835358
535818.0764,4070285.651,3.4548226509359665
535818.038,4070287.836,3.331796406640205
535817.9975,4070290.018,3.0085271777235896
535817.9551,4070292.189,2.7843670054688126
535817.911,4070294.364,2.6605308126308955
535817.866,4070296.534,2.7362896455219
535817.8209,4070298.697,2.9114815144333974
535817.7763,4070300.859,2.38659238849068
535817.7333,4070303.004,1.9603263500262997
535817.6921,4070305.143,1.5335743424366228
535817.6529,4070307.268,1.6056884068879285
535817.616,4070309.398,1.8782074456103146
535817.5813,4070311.527,1.9506454894784824
535817.5487,4070313.665,1.7238124870345928
535817.5177,4070315.794,1.3962505309609696
535817.4869,4070317.92,1.2684455902082838
535817.455,4070320.036,1.139830701029858
535817.4206,4070322.156,0.8115397912100875
535817.3828,4070324.272,0.5829249019734561
535817.3391,4070326.392,1.0546339921536863
535817.2899,4070328.497,1.525128159578891
535817.2352,4070330.597,1.495217352674807
535817.176,4070332.684,1.3642536126659266
535817.1107,4070334.781,1.0340998212574064
535817.0394,4070336.879,0.4040270246448934
535816.9609,4070338.993,0.27525014569982886
535816.8761,4070341.106,0.14639227195875648
535816.7866,4070343.227,0.018182356934993038
535816.6973,4070345.343,0.18956746775656796
535816.611,4070347.469,0.36176252706209056
535816.5308,4070349.594,0.5338765915133976
535816.4603,4070351.721,0.8061526456731372
535816.4003,4070353.833,0.6772137770196416
535816.3507,4070355.936,0.1475459547364153
535816.3112,4070358.02,0.01633923016488481
535816.2815,4070360.1,0.18480852623470057
535816.2584,4070362.174,-0.14720814687898454
535816.2398,4070364.248,-0.07922481993445984
535816.2244,4070366.306,0.1874625892844044
535816.2099,4070368.353,-0.24674094483489029
535816.1941,4070370.381,-1.0824833812424899
535816.1746,4070372.408,-1.5183068124460988
535816.149,4070374.433,-1.3542922333581373
535816.1146,4070376.448,-1.1910876028705388
535816.0711,4070378.461,-1.528044961974956
535816.0185,4070380.47,-2.065326300554446
535815.9565,4070382.498,-2.2010687369620427
535815.884,4070384.543,-2.135434260789772
535815.8015,4070386.604,-2.168503867008255
535815.7084,4070388.692,-1.8993866121629281
535815.6054,4070390.789,-1.7295404035714483
535815.4918,4070392.905,-1.9581552928080797
535815.3713,4070395.021,-2.386770181986506
535815.2435,4070397.153,-2.4140891536138938
535815.1075,4070399.285,-1.9414081251248732
535814.9567,4070401.416,-1.8688080915482743
535814.7893,4070403.509,-1.2992858624318586
535814.5998,4070405.552,-0.8338133759680204
535814.3813,4070407.545,-1.272390632273165
535814.1253,4070409.463,-1.7170425025280593
535813.8426,4070411.286,-1.9693888839334264
535813.5458,4070413.002,-1.8304017147398568
535813.2518,4070414.612,2.3284485450858483e-11