Easting,Northing,Mag
534749.9345,4068734.41,-5.8264504332328215e-12
534749.8738,4068736.187,1.3432644350104965
534749.8435,4068738.098,2.2822505550284404
534749.8281,4068740.119,2.6177246254577824
534749.8166,4068742.223,2.9505486948008297
534749.8013,4068744.381,3.481648667095584
534749.7803,4068746.565,4.011918518561288
534749.7542,4068748.76,4.541837165068131
534749.7243,4068750.958,4.77166002838058
534749.6934,4068753.152,4.601610602618905
534749.6643,4068755.342,4.731688887724886
534749.6384,4068757.53,4.9618310283083815
534749.616,4068759.715,4.792068952042598
534749.5964,4068761.902,4.522243020343012
534749.5778,4068764.091,4.752353233165934
534749.5579,4068766.284,4.7823357351211655
534749.5339,4068768.485,4.712062815282849
534749.5032,4068770.691,4.641630256816285
534749.4656,4068772.904,4.770974204287626
534749.4211,4068775.123,4.9001265854283815
534749.3707,4068777.355,4.828863906161871
534749.3174,4068779.579,4.7578566486743625
534749.2631,4068781.804,4.686817463455384
534749.2088,4068784.029,4.115778278250957
534749.1549,4068786.253,3.7447710207634373
534749.1018,4068788.476,4.073795691007405
534749.0501,4068790.6960000005,3.70291614440211
534749.0008,4068792.914,4.0321004532743245
534748.9548,4068795.126,4.561476328462589
534748.9126,4068797.334,3.2909799145622003
534748.8732,4068799.535,2.1207069947093373
534748.8358,4068801.732,1.6505617857823438
534748.7997,4068803.926,1.5805123600061108
534748.7654,4068806.119,0.8104948619467791
534748.7335,4068808.313,-0.25955456382945385
534748.7036,4068810.507,-0.7296039896056641
534748.6753,4068812.699,-1.6995895599335142
534748.6479999999,4068814.888,-3.1694793470815057
534748.6207,4068817.0710000005,-3.73917756791343
534748.5925,4068819.248,-4.608684222371096
534748.5624,4068821.42,-6.078031238229585
534748.5288,4068823.59,-7.847314398625173
534748.4913,4068825.76,-9.316597559035301
534748.4499,4068827.931,-11.085912647162331
534748.4048,4068830.106,-13.055355446200707
534748.3573,4068832.284,-14.524894028389838
534748.3095,4068834.466,-16.29456032147573
534748.2627,4068836.653,-18.964386253189872
534748.2182,4068838.843,-21.734307968069345
534748.1775,4068841.037,-24.304357393845578
534748.1415,4068843.231,-26.974406819621805
534748.111,4068845.424,-30.044424317666568
534748.0871,4068847.61,-34.01421832164925
534748.0694,4068849.793,-38.4839165424666
534748.0559,4068851.971,-42.55345512465573
534748.0439,4068854.147,-46.122929851411016
534748.0297,4068856.325,-50.292468433614715
534748.0099,4068858.504,-55.16203894353529
534747.9845,4068860.686,-60.33170523662119
534747.9548,4068862.868,-65.40137152970709
534747.923,4068865.047,-70.57094203962771
534747.8918,4068867.221,-74.94035291092004
534747.8636,4068869.39,-79.50960414361325
534747.8396,4068871.554,-84.37869573767821
534747.8211,4068873.713,-90.24762769312946
534747.8079,4068875.87,-96.71649579311782
534747.7982,4068878.027,-102.58536389310609
534747.79,4068880.184,-108.45423199310898
534747.7814,4068882.344,-114.92319587629174
534747.7710000001,4068884.507,-120.89225554263976
534747.7581,4068886.674,-126.16144291987001
534747.7428,4068888.843,-130.6306941525487
534747.7263,4068891.01,-135.39988152977895
534747.7116,4068893.171,-139.9688773406786
534747.7019,4068895.323,-143.33758580205324
534747.7001,4068897.464,-147.10594305848355
534747.7078,4068899.595,-151.37398103765736
534747.7221,4068901.724,-154.14195516138278
534747.7368,4068903.856,-156.61002506830266
534747.7469,4068905.996,-159.87835039698695
534747.7487,4068908.149,-163.14709078610758
534747.7411,4068910.313,-165.216182380158
534747.7248,4068912.485,-165.9855293960165
534747.7008,4068914.661,-167.2550041227572
534747.6716,4068916.837,-169.22447884949798
534747.6416,4068919.008,-169.99379393763957
534747.6153,4068921.172,-170.16288553170455
534747.5971,4068923.326,-171.03165784852752
534747.5913,4068925.467,-172.00001510495787
534747.5984,4068927.605,-172.8682765781938
534747.6148,4068929.74,-173.43644226827894
534747.6368,4068931.876,-174.204639886081
534747.66,4068934.013,-175.47286943159997
534747.6807,4068936.151,-176.54113090485043
534747.6964,4068938.289,-177.80939237810088
534747.7047,4068940.427,-179.27765385135137
534747.7038,4068942.567,-180.84597918003567
534747.6941,4068944.706,-182.11427258100304
534747.6771,4068946.844,-184.38253405426804
534747.6533,4068948.98,-186.15073167205554
534747.6219,4068951.117,-187.3189612175891
534747.5824,4068953.253,-188.08715883539116
534747.5355,4068955.392,-189.05545223635852
534747.4827,4068957.534,-189.72384142050578
534747.4264,4068959.68,-190.99235831554978
534747.3699,4068961.83,-193.06100292147602
534747.3158,4068963.985,-195.52980716601598
534747.2655,4068966.145,-197.59877104919872
534747.2204,4068968.308,-199.66783071554676
534747.1809,4068970.477,-201.83708194821082
534747.1457,4068972.649,-203.7064289640839
534747.114,4068974.823,-206.67583983536167
534747.0851,4068977.001,-209.94537841757995
534747.0582,4068979.183,-212.8150447106658
534747.0329999999,4068981.369,-215.58483871464853
534747.0098,4068983.559,-218.95476042951339
534746.9891,4068985.75,-222.32471407212432
534746.9708,4068987.943,-226.59473157018363
534746.9533,4068990.136,-230.6647490682284
534746.934,4068992.33,-234.33479849400464
534746.9102,4068994.525,-237.9048798474978
534746.8793,4068996.72,-241.7749612010055
534746.8409,4068998.914,-246.3450106267672
534746.7955,4069001.107,-250.9150281248265
534746.7447,4069003.298,-254.8849817674374
534746.6917,4069005.484,-259.2547757714201
534746.6394,4069007.669,-264.4245378476859
534746.5899,4069009.852,-269.59423606848867
534746.5447,4069012.034,-274.56390236158916
534746.5045,4069014.214,-279.13350479922667
534746.4682,4069016.391,-283.90301145369887
534746.4345,4069018.565,-288.6724223249912
534746.4022,4069020.735,-293.4417054854013
534746.3703,4069022.899,-297.81079707948084
534746.3371,4069025.058,-302.2797290349175
534746.3,4069027.211,-306.54846942402366
534746.2557,4069029.36,-310.61708210221843
534746.2027,4069031.505,-314.5855670695455
534746.1429999999,4069033.647,-317.55395625367817
534746.0797,4069035.787,-320.622281582377
534746.0172,4069037.926,-324.29057498335897
534745.9602,4069040.064,-328.55883645659486
534745.9109,4069042.201,-332.6270660021284
534745.8697,4069044.336,-336.5952316922136
534745.8363,4069046.469,-340.26333352683577
534745.8088,4069048.601,-343.3314034337265
534745.7854,4069050.733,-345.7994733406464
534745.7651,4069052.865,-348.16754324755163
534745.7482,4069055.0,-350.63570893762227
534745.7356,4069057.142,-351.0040981217695
534745.728,4069059.29,-351.0726788722619
534745.7252,4069061.442,-351.4413873336365
534745.7247,4069063.599,-352.5102554336394
534745.7220000001,4069065.759,-353.07921931680755
534745.7132,4069067.921,-353.04824705542416
534745.6952,4069070.084,-352.31730672175763
534745.6657,4069072.247,-350.28636638810565
534745.6253,4069074.405,-348.05526641581093
534745.5772,4069076.559,-345.5240387326485
534745.5237,4069078.707,-342.6926194831409
534745.4658,4069080.852,-339.96110445045343
534745.4037,4069082.993,-337.0294617068692
534745.3377,4069085.133,-332.997787035568
534745.2672,4069087.273,-328.9661123642669
534745.1914,4069089.415,-325.0345015483996
534745.1094,4069091.557,-321.0028907325468
534745.0217,4069093.701,-316.8713437721279
534744.9291,4069095.846,-313.03982873945495
534744.8332,4069097.993,-309.20837756220135
534744.7373,4069100.139,-305.0768944572454
534744.6444,4069102.283,-301.445347496841
534744.556,4069104.423,-298.3136728255398
534744.4728,4069106.556,-294.68177466016203
534744.3938,4069108.683,-291.74968492845363
534744.3164,4069110.806,-289.51746748584844
534744.238,4069112.928,-286.4852181155118
534744.156,4069115.053,-283.453064528355
534744.0687,4069117.185,-281.3211344352603
534743.9762,4069119.327,-279.08952361940754
534743.8789,4069121.481,-277.0582959362306
534743.777,4069123.65,-275.9275471689092
534743.6708,4069125.836,-274.89734117290647
534743.5594,4069128.047,-274.56793336997214
534743.4437,4069130.268,-273.5388448442944
534743.3239,4069132.511,-272.11045872851975
534743.202,4069134.774,-271.88271116724354
534743.0805,4069137.056,-271.65557023269065
534742.9628,4069139.352,-271.42887628629103
534742.8543,4069141.653,-272.2023419784906
534742.7632,4069143.958,-272.97593538160146
534734.8774,4069162.48,-275.66730067978494
534734.8489,4069164.5,-275.7317946816387
534734.816,4069166.51,-275.79596940623594
534734.7806,4069168.515,-276.05998449224865
534734.7443,4069170.517,-276.3239037950669
534734.708,4069172.517,-276.3877592424513
534734.672,4069174.518,-275.6516466175526
534734.6357,4069176.52,-274.81556592038544
534734.5996,4069178.522,-273.77948522320366
534734.5641,4069180.524,-272.54340452603645
534734.5301,4069182.522,-271.00719611795796
534734.4986,4069184.517,-269.17089192672864
534734.4705,4069186.508,-267.03446002458804
534734.4465,4069188.493,-264.59783655610227
534734.4272,4069190.476,-262.56114923218263
534734.4119,4069192.456,-260.4243661250977
534734.3996,4069194.436,-257.2875830180128
534734.3896,4069196.415,-253.85076798318187
534734.3807,4069198.394,-250.7139529483655
534734.3719,4069200.374,-247.477169841266
534734.3623,4069202.356,-244.04045058962947
534734.3513,4069204.34,-240.5037951934122
534734.3384,4069206.328,-236.56726750812084
534734.3238,4069208.32,-232.53086753369718
534734.3074,4069210.316,-228.59459527019936
534734.2892,4069212.316,-224.5584507175692
534734.2696,4069214.319,-220.2224019481335
534734.2491,4069216.324,-215.78641703411705
534734.2288,4069218.33,-211.35046404784663
534734.2097,4069220.334,-207.31444720611324
534734.1931,4069222.336,-203.57836650894603
534734.1785,4069224.337,-199.44225388403282
534734.1654,4069226.337,-195.50610933141724
534734.1527,4069228.335,-191.86990092335327
534734.1394,4069230.332,-188.03366058755785
534734.1249,4069232.327,-184.09735639632856
534734.1089,4069234.32,-180.36098834963633
534734.0906,4069236.311,-176.72455644751028
534734.0691,4069238.301,-173.38809261763816
534734.0447,4069240.29,-170.1515968600637
534734.0173,4069242.28,-166.31513303019165
534733.9874,4069244.271,-161.67870112808015
534733.9563,4069246.263,-157.64230115365643
534733.9264,4069248.254,-154.6058692515304
534733.8994,4069250.245,-151.6694373493898
534733.8767,4069252.233,-148.63290966408385
534733.8589999999,4069254.219,-145.89631812332954
534733.8451,4069256.205,-143.2597265825898
534733.8337,4069258.192,-140.62316696955241
534733.8235,4069260.179,-138.28660735652954
534733.8138,4069262.166,-136.05004774350675
534733.8038,4069264.153,-133.51348813046934
534733.7934,4069266.138,-130.97686466198354
534733.7819,4069268.123,-128.84024119351233
534733.7687,4069270.105,-126.60352194186123
534733.7533,4069272.088,-124.46683461794163
534733.7347,4069274.07,-122.63011536629057
534733.7116,4069276.055,-120.79349189781931
534733.6829,4069278.041,-118.85690035707955
534733.65,4069280.028,-116.8203407440422
534733.6149,4069282.017,-114.48384498645316
534733.5801,4069284.006,-112.44734922887875
534733.5476,4069285.996,-110.51088539900667
534733.5173,4069287.987,-108.37445349689517
534733.4884,4069289.977,-106.13798966702308
534733.4602,4069291.966,-103.50149390944861
534733.4324,4069293.952,-100.86490236869432
534733.4054,4069295.936,-98.7282469724916
534733.3799,4069297.916,-96.4914638654067
534733.3566,4069299.894,-93.4546169028443
534733.3362,4069301.871,-90.11773801257951
534733.3179,4069303.851,-87.5809549054946
534733.3006,4069305.834,-84.84426758156042
534733.2826,4069307.823,-81.70777182398598
534733.2621,4069309.816,-78.77140377730831
534733.2388,4069311.811,-75.73509958606445
534733.2136,4069313.805,-72.59876346710371
534733.1883,4069315.795,-69.66229963724618
534733.1656,4069317.781,-66.62570809649188
534733.1468,4069319.764,-64.18902077255771
534733.1318,4069321.744,-61.852237665472785
534733.1193,4069323.731,-59.71567805244996
534733.1068,4069325.709,-57.478831089887535
534733.0918,4069327.686,-55.34195219963732
534733.0729,4069329.66,-54.10497752620722
534733.0491,4069331.634,-53.36800285276257
534733.0194,4069333.607,-52.83099625160102
534732.9842,4069335.582,-52.29405350588786
534732.9437,4069337.56,-52.05720654333999
534732.8987,4069339.543,-52.220519219420396
534732.8507,4069341.53,-52.483959606382996
534732.8021,4069343.523,-53.14759155970532
534732.754,4069345.518,-54.41128736847605
534732.7066,4069347.514,-56.07501510494913
534732.6603,4069349.51,-57.53874284142222
534732.6151,4069351.502,-59.002342867013056
534732.5715,4069353.49,-61.66581518172171
534732.5303,4069355.474,-64.429159785519
534732.4913,4069357.455,-67.092408606151
534732.4529,4069359.437,-69.85568935449993
534732.4139,4069361.418,-72.8189381751319
534732.3737,4069363.401,-75.7822508512123
534732.3328,4069365.385,-78.74559545499505
534732.2927,4069367.372,-81.80903584197222
534732.2548,4069369.363,-85.27260393984616
534732.22,4069371.357,-89.13626782087084
534732.1884,4069373.354,-92.7000274850754
534732.1583,4069375.353,-96.0638510047429
534732.128,4069377.351,-99.42764259666438
534732.0957,4069379.347,-102.99137033316657
534732.0602,4069381.339,-106.35497035875741
534732.0219,4069383.327,-109.91844267345152
534731.9820000001,4069385.311,-113.3817872772488
534731.9415,4069387.291,-116.94500417014933
534731.9014,4069389.264,-120.6079975689878
534731.8624,4069391.232,-123.97083132919795
534731.8243,4069393.1960000005,-127.13353737855505
534731.7871,4069395.155,-130.3960837892402
534731.7505,4069397.111,-134.15853441677461
534731.7138,4069399.066,-137.52095311659212
534731.676,4069401.021,-140.08337181640962
534731.6367,4069402.978,-142.24585437167553
534731.5959,4069404.936,-145.4083688546583
534731.5548,4069406.895,-148.77091526535804
534731.514,4069408.856,-151.43352553152073
534731.4738,4069410.818,-153.99616772538576
534731.4338,4069412.782,-156.3588737747283
534731.3934,4069414.747,-158.72161175177314
534731.3520000001,4069416.713,-161.48438165654954
534731.3094,4069418.682,-163.9472473444912
534731.2655,4069420.652,-166.21014496014976
534731.2216,4069422.625,-168.57313835900277
534731.1789,4069424.6,-171.03619561328958
534731.1387,4069426.575,-173.49925286757644
534731.1029,4069428.552,-176.06237397731167
534731.0715,4069430.527,-178.32543123158393
534731.0443,4069432.501,-180.28845655815383
534731.0213,4069434.471,-182.15135417381242
534731.002,4069436.439,-184.6141879340372
534730.9849,4069438.406,-187.67698976654503
534730.9685,4069440.373,-190.1397915990383
534730.9512,4069442.341,-192.10262535926302
534730.9312,4069444.308,-193.6654271917563
534730.9082,4069446.273,-195.12816516880122
534730.8823,4069448.235,-196.4908073626808
534730.8544,4069450.195,-197.85338570111196
534730.8252,4069452.152,-199.01586825636332
534730.7963,4069454.108,-199.8783188839123
534730.7683,4069456.064,-200.44076951144672
534730.7415,4069458.019,-201.2031882112642
534730.7158,4069459.976,-201.76567076651554
534730.6899,4069461.934,-201.02818524949834
534730.6632,4069463.895,-199.590795515661
534730.6352,4069465.858,-198.45346963727206
534730.6062,4069467.823,-197.51620761431695
534730.5772,4069469.79,-196.07900944681023
534730.5488,4069471.757,-194.24181127931809
534730.5212,4069473.724,-192.10461311181132
534730.4953,4069475.691,-189.06741494430463
534730.4716,4069477.656,-185.93015292134953
534730.4501,4069479.62,-182.79285897067746
534730.4306,4069481.584,-179.45556502000545
534730.412,4069483.547,-175.91823914160193
534730.3934,4069485.51,-171.68091326319848
534730.3743,4069487.472,-167.34355545709258
534730.3545,4069489.433,-163.70616572325525
534730.3339,4069491.396,-159.86883984485178
534730.3126,4069493.362,-155.33160974962811
534730.2907,4069495.332,-150.8945073652867
534730.2679999999,4069497.305,-146.35750076413967
534730.2446,4069499.279,-141.72052609069505
534730.2207,4069501.252,-138.0835194895335
534730.1953,4069503.224,-134.54648096064045
534730.1673,4069505.195,-130.6094105040305
534730.1347,4069507.164,-126.97227619198674
534730.0968,4069509.132,-124.03510995221149
534730.053,4069511.099,-121.09791178470476
534730.0043,4069513.065,-118.26068168948115
534729.9522,4069515.029,-115.62338773880913
534729.8995,4069516.99,-112.6859980049718
534729.8477,4069518.948,-109.64851248794002
534729.7979,4069520.904,-107.510963115489
534729.7511,4069522.859,-105.57338181529195
534729.707,4069524.812,-102.83573665966105
534729.6646,4069526.767,-100.39815535947855
534729.6229,4069528.726,-98.36070177017828
534729.5809,4069530.689,-95.82337589177479
534729.5374,4069532.658,-93.48624157971645
534729.4918,4069534.631,-91.44923497856945
534729.4442,4069536.611,-88.91245187146995
534729.3947,4069538.596,-85.97582840299873
534729.3444,4069540.583,-83.13926878997592
534729.2943,4069542.5710000005,-80.70274110467
534729.2456,4069544.557,-78.46614956391568
534729.1995,4069546.541,-75.92949416771299
534729.1557,4069548.52,-73.09267913289659
534729.1137,4069550.495,-70.25573638718342
534729.0736,4069552.464,-67.21860207512509
534729.0352,4069554.427,-64.38127619672159
534728.9973,4069556.386,-61.94382260743586
534728.9581,4069558.342,-59.2062732349703
534728.9156,4069560.296,-56.1686600070563
534728.8684,4069562.247,-53.33095099597705
534728.8179,4069564.198,-50.293241984883196
534728.7661,4069566.15,-47.45556490153541
534728.7171,4069568.103,-44.617919745904516
534728.6755,4069570.061,-41.980434228887304
534728.6429999999,4069572.024,-39.64310835049838
534728.6188,4069573.99,-37.50587825527472
534728.5985,4069575.958,-35.36871201548493
534728.576,4069577.923,-33.231449992529804
534728.5476,4069579.881,-30.693964475512615
534728.512,4069581.835,-28.156351247613202
534728.4687,4069583.786,-25.91864223651936
534728.4185,4069585.733,-23.680805514543323
534728.364,4069587.68,-21.342968792581814
534728.3075,4069589.629,-18.805195926054154
534728.2514,4069591.579,-16.76745498722886
534728.1985,4069593.53,-15.02974597614957
534728.1503,4069595.482,-12.7920688927872
534728.1071,4069597.435,-10.754423737170868
534728.068,4069599.388,-9.316778581525426
534728.0306,4069601.347,-6.879324992239702
534727.9927,4069603.314,-4.042126824732975
534727.9534,4069605.289,-1.8051840790198241
534727.9135,4069607.274,0.33143938945141826
534727.8749,4069609.271,2.7676797252468646
534727.8414,4069611.277,5.303632711531833
534727.817,4069613.289,7.839394131471636
534727.8058,4069615.3,10.575187479128374
534727.8099,4069617.312,13.210948899068171
534727.8244,4069619.3210000005,15.946806102158732
534727.8443,4069621.323,18.582886799340486
534727.8652,4069623.314,21.419318701481103
534727.884,4069625.29,24.656229519462798
534727.8996,4069627.252,27.993587325583206
534727.9111,4069629.199,31.03142404755927
534727.9173,4069631.133,34.26967582994257
534727.9142,4069633.048,37.308534239078284
534727.8987,4069634.945,40.34796734724951
534727.8674,4069636.822,43.688039009875496
534727.8168,4069638.69,47.02839802202652
534727.7455,4069640.522,50.26990643223398
534727.6574,4069642.34,53.111861830565616
534727.5556,4069644.149,55.85410457839316
534727.4435,4069645.961,59.096251543069954
534727.3247,4069647.788,62.63791959189112
534727.203,4069649.643,66.17869366444938
534727.0804,4069651.537,70.4182225557859
534726.9587,4069653.479,75.1562189163902
534726.8395,4069655.48,79.69233154127433
534726.7246,4069657.532,83.72681585226091
534726.6163,4069659.629,87.35986341568059
534726.5182,4069661.761,91.69179350878986
534726.4366,4069663.922,97.2227976978902
534726.3769,4069666.093,102.45348260976316
534726.3465,4069668.259,106.48432716024982
534726.3543,4069670.397,109.91606568699936
534726.4105,4069672.51,113.54860240684647
534744.4215,4069683.749,115.8897667202953
534744.3729,4069685.793,118.62450645307544
534744.3271,4069687.862,122.558447992758
534744.2807,4069689.9460000005,126.39191061658494
534744.2307,4069692.035,129.32521360179817
534744.174,4069694.116,132.25877200880495
534744.1105,4069696.184,135.592745476219
534744.0409,4069698.239,138.32713400404026
534743.966,4069700.282,140.66190566453733
534743.8867,4069702.314,143.0970285300078
534743.8045,4069704.34,145.5323429618089
534743.7199,4069706.361,147.2678170322237
534743.6339,4069708.377,148.90345074128126
534743.5466,4069710.388,150.739244088938
534743.4584,4069712.397,152.07510129204312
534743.3689,4069714.403,153.11105427831353
534743.2781,4069716.408,153.94703919232998
534743.1861,4069718.411,154.18308796178025
534743.0936,4069720.413,154.3191686589329
534743.0004,4069722.415,154.75524935611466
534742.9062,4069724.417,154.9913300532964
534742.8104,4069726.418,154.72744267818052
534742.7129,4069728.416,154.5636510862445
534742.6128,4069730.411,154.4999552775029
534742.5093,4069732.403,153.73635525191202
534742.4013,4069734.39,152.57291486493486
534742.2888,4069736.375,151.4095383334061
534742.1714,4069738.357,150.34625758505717
534742.0487,4069740.34,149.28294490899134
534741.9213,4069742.32,148.31972801607625
534741.7906,4069744.301,147.15647919544426
534741.6577,4069746.283,145.89319844709536
534741.5237,4069748.267,143.82985384329805
534741.39,4069750.255,141.66638152860395
534741.2579,4069752.249,140.4027176475647
534741.1288,4069754.251,139.23879834473192
534741.0036,4069756.26,137.87465554785157
534740.8824,4069758.286,135.50996997965268
534740.7651,4069760.309,133.04538019463362
534740.6506,4069762.336,131.28066269870322
534740.5396,4069764.366,130.0158494196221
534740.4333,4069766.397,127.75100421280949
534740.3325,4069768.429,125.18612707826541
534740.2372,4069770.46,123.32128187145281
534740.1472,4069772.49,121.45646859235713
534740.0621,4069774.519,119.19168724100746
534739.981,4069776.546,117.52696974507708
534739.9036,4069778.5710000005,116.16231610459508
534739.8303,4069780.592,113.89779017502443
534739.7611,4069782.61,111.43336002863362
534739.6944,4069784.621,109.56915337629034
534739.6289,4069786.625,107.80517021800915
534739.563,4069788.621,105.64144248153607
534739.4946,4069790.606,102.97806594999274
534739.4221,4069792.583,100.91494484027207
534739.3441,4069794.554,99.85201529688202
534739.2596,4069796.523,98.5891496089258
534739.1686,4069798.487,96.62644355959783
534739.0734,4069800.452,95.06370558255294
534738.9756,4069802.419,93.70090375004511
534738.8778,4069804.388,91.938038062118
534738.7835,4069806.361,90.27504466327954
534738.6953,4069808.338,89.01192355354434
534738.6161,4069810.318,87.3487066606438
534738.5493,4069812.297,85.78552169546019
534738.4974,4069814.28,84.7222090193798
534738.4585,4069816.261,83.6589601987478
534738.4301,4069818.238,81.99583908901259
534738.4088,4069820.209,79.73290954562253
534738.3901,4069822.175,78.07013964086073
534738.3693,4069824.136,77.20752937469805
534738.3433,4069826.096,75.84495103626686
534738.3095,4069828.058,74.48230884237273
534738.2660000001,4069830.02,73.3196666485077
534738.2143,4069831.987,72.55686481599987
534738.1557,4069833.958,71.29393527260982
534738.0907,4069835.935,69.7308141628746
534738.0198,4069837.916,68.76756534224259
534737.9447,4069839.898,68.30428459389368
534737.8661,4069841.882,67.54093999009638
534737.785,4069843.865,66.27762731401599
534737.7026,4069845.846,65.21437849339854
534737.6201,4069847.824,63.75122545593186
534737.5386,4069849.802,62.88807241847971
534737.459,4069851.778,62.02498323647596
534737.382,4069853.755,61.46186212674074
534737.3074,4069855.733,60.39870908927405
534737.2354,4069857.711,59.33555605180736
534737.166,4069859.689,58.67240301436978
534737.0994,4069861.665,58.00931383235147
534737.0353,4069863.639,57.146288505781556
534736.9733,4069865.611,56.18332703467459
534736.9127,4069867.58,55.12046134671837
534736.8516,4069869.546,53.657691441942006
534736.7881,4069871.51,52.99498539262859
534736.7207,4069873.471,52.63237512646592
534736.6489,4069875.431,52.069796788049274
534736.5731,4069877.387,51.507346160500305
534736.4946,4069879.341,50.944959388414276
534736.4141,4069881.292,50.082668399493556
534736.3322,4069883.243,48.92037741058739
534736.2489,4069885.195,48.25805449393519
534736.1653,4069887.151,48.09560386640078
534736.0826,4069889.112,47.93299360023812
534736.0019,4069891.079,47.07019176774483
534735.9236,4069893.055,45.80710258572654
534735.8466,4069895.036,45.243853765109094
534735.7688,4069897.02,44.480509161297235
534735.6884,4069899.007,43.617068774320074
534735.6034,4069900.991,43.05372417053732
534735.5141,4069902.973,42.59044342217385
534735.4209,4069904.953,41.92722652927333
534735.3242,4069906.932,41.064041564089706
534735.2246,4069908.91,41.00088852663757
534735.1237,4069910.89,40.83767163372249
534735.0231,4069912.873,40.574358957656656
534734.9245,4069914.859,40.41095049839642
534734.8298,4069916.85,40.147382400537026
534734.7397,4069918.842,39.58378237494617
534734.6542,4069920.836,38.720118493906924
534734.5728,4069922.828,38.05651846831606
534734.4943,4069924.82,37.59291844273976
534734.4168,4069926.81,36.72938227259729
534734.3395,4069928.798,36.0659099579032
534734.2619,4069930.786,35.60243764320913
534734.1848,4069932.773,34.93899725623196
534734.11,4069934.76,34.975556869269354
534734.0393,4069936.748,35.012084554560715
534733.9739,4069938.734,34.148676095315025
534733.9144,4069940.72,33.18526763606933
534733.8592,4069942.705,32.821891104540555
534733.8069,4069944.685,33.25867421164003
534733.7556,4069946.662,32.89555310190481
534733.7035,4069948.635,31.632559703080915
534733.6489,4069950.606,30.76963015967631
534733.5905,4069952.576,30.506732544017723
534733.5273,4069954.547,30.64380300062767
534733.4588,4069956.519,30.580841529506145
534733.3864,4069958.492,30.617848130653144
534733.3108,4069960.466,30.254822804097785
534733.2324,4069962.441,29.691765549810953
534733.1522,4069964.416,29.328708295524123
534733.0715,4069966.389,29.465714896685682
534732.9916,4069968.361,29.602753425564146
534732.914,4069970.329,29.439919665353955
534732.8411,4069972.296,28.877117832846125
534732.7729999999,4069974.259,28.414443711249618
534732.7092,4069976.22,28.151833445086965
534732.6479,4069978.179,28.08928703438724
534732.5868,4069980.138,27.62674062368751
534732.5241,4069982.096,27.064226140690153
534732.4584,4069984.054,26.501711657707347
534732.389,4069986.012,26.539197174724535
534732.3163,4069987.969,26.77671461945866
534733.8118,4070057.529,24.155822159620584
534733.7574,4070059.71,23.5861877942516
534733.6992,4070061.896,23.716393790268924
534733.639,4070064.076,23.546791352631402
534733.5775,4070066.269,23.376773854572093
534733.5158,4070068.463,23.80672442879586
534733.454,4070070.674,24.2361322317156
534733.3952,4070072.857,24.466434010912778
534733.3413,4070075.046,24.096544223750243
534733.2944,4070077.233,23.82671829203609
534733.2557,4070079.413,22.857115854398586
534733.225,4070081.605,22.48713028407073
534733.2021,4070083.803,22.816953147412278
534733.1845,4070086.019,22.54620131170377
534733.1705,4070088.23,22.875609114623515
534733.1588,4070090.444,23.004921134377952
534733.1482,4070092.658,22.03423315413238
534733.1373,4070094.862,21.263864451114202
534733.1253,4070097.09,22.19272948274447
534733.1126,4070099.281,22.22277584013355
534733.0985,4070101.496,21.352055932171055
534733.083,4070103.7,20.58168722913834
534733.0648,4070105.903,20.311350453866183
534733.0425,4070108.097,20.541301028089947
534733.0142,4070110.299,20.070996180520154
534732.9808,4070112.498,19.300787116130238
534732.9432,4070114.702,18.730418413112062
534732.9028,4070116.896,18.460368987335826
534732.8596,4070119.089,18.290351489291055
534732.8145,4070121.28,18.32039784669469
534732.7679,4070123.47,18.350476131800676
534732.7204,4070125.66,18.78055441692122
534732.6717,4070127.846,18.51076041295309
534732.6218,4070130.028,17.541094119852644
534732.5704,4070132.201,16.871715176277206
534732.517,4070134.365,17.302623582197697
534732.4605,4070136.519,17.533851265389245
534732.4014,4070138.664,17.465366298076702
534732.3404,4070140.811,16.696817475301216
534732.2798,4070142.939,16.128875279307252
534732.2199,4070145.075,16.46067766149062
534732.1619,4070147.218,16.992256549626475
534732.1065,4070149.37,16.82354808825184
534732.0537,4070151.532,16.75452034963527
534732.0032,4070153.707,16.485077550611464
534731.9536,4070155.893,16.615283546614222
534731.9034,4070158.085,16.84529797630094
534731.8508,4070160.283,17.075120839627928
534731.7937,4070162.482,17.604911775237994
534731.7327,4070164.679,17.63476656628191
534731.6692,4070166.875,17.56465328505729
534731.6053,4070169.07,17.49457193156414
534731.5434,4070171.265,16.924490578056435
534731.4842,4070173.463,16.654313441397974
534731.4274,4070175.663,16.78407244927658
534731.3728,4070177.864,17.01379952943826
534731.3206,4070180.065,17.043526609599937
534731.2703,4070182.266,16.07325368976163
534731.2208,4070184.475,15.202725348129746
534731.171,4070186.674,14.632516283725266
534731.1191,4070188.872,14.562339147066808
534731.0652,4070191.068,14.19222586584219
534731.01,4070193.253,13.922463789576426
534730.9531,4070195.447,14.352414363800193
534730.8941,4070197.641,14.482364938038515
534730.8321,4070199.833,14.412379367696118
534730.7665,4070202.025,14.442393797382834
534730.6966,4070204.226,14.872120877544518
534730.6217,4070206.418,14.902135307202116
534730.5437,4070208.599,14.332500941847684
534730.4642,4070210.788,14.162611154685152
534730.3864,4070212.976,15.092753295254084
534730.3143,4070215.161,15.322991219002873
534730.2488,4070217.353,14.35300564866047
534730.1902,4070219.532,13.283435138739875
534730.137,4070221.706,13.814024267447536
534730.0892,4070223.862,13.94518809516157
534730.0459,4070226.021,12.976256139710316
534730.0073,4070228.184,12.507196473391375
534729.9732,4070230.327,13.038775361512677
534729.9417,4070232.489,12.569747622896102
534729.911,4070234.648,11.200815667444843
534729.8798,4070236.811,11.131756001111356
534729.848,4070238.969,11.462855973391555
534729.8144,4070241.139,10.793572812981438
534729.7787,4070243.308,10.02432158028823
534729.7399,4070245.482,10.85491070901044
534729.6977,4070247.644,11.985882970393874
534729.6508,4070249.802,11.716982942659527
534729.5999,4070251.945,11.148561830795373
534729.5456,4070254.091,11.58004493575136
534729.4898,4070256.233,11.911655751618667
534729.4356,4070258.371,11.743394278368214
534729.385,4070260.516,11.274909311055666
534729.3391,4070262.655,10.906615910088291
534729.2977,4070264.797,11.038226725941058
534729.2611,4070266.935,10.769965252690596
534729.2276,4070269.087,10.501256791315967
534729.196,4070271.259,10.331909775457461
534729.1656,4070273.406,10.363360952696524
534729.134,4070275.564,10.494460924976735
534729.0998,4070277.722,10.325560897242397
534729.0613,4070279.89,9.956341592280666
534729.0187,4070282.032,9.887952408147981
534728.9714,4070284.193,9.818956597262883
534728.9209,4070286.354,9.249960786363232
534728.8685,4070288.524,8.980677625953106
534728.816,4070290.688,9.111586031888152
534728.7646,4070292.854,9.042430582389358
534728.7158,4070295.014,8.973466699206625
534728.6699,4070297.184,8.604183538811043
534728.6274,4070299.356,8.534836522952531
534728.5875,4070301.535,8.465266013031936
534728.5495,4070303.707,8.195918997173436
534728.5113,4070305.879,7.826571981314913
534728.4717,4070308.044,8.257448459533038
534728.428,4070310.219,8.588005660509225
534728.3791,4070312.395,8.018530933768488
534728.3244,4070314.581,7.548736929785804
534728.264,4070316.759,7.8791983475821326
534728.1975,4070318.936,8.609691693095371
534728.1276,4070321.109,8.740312749519944
534728.0572,4070323.285,8.270838022779202
534727.99,4070325.432,7.902289200018274
534727.927,4070327.589,7.4334211000154085
534727.8681,4070329.752,7.364361433681921
534727.8126,4070331.902,7.59571682775568
534727.7591,4070334.05,7.827136077277828
534727.7064,4070336.188,7.758874604012817
534727.6524,4070338.331,7.290453492163209
534727.596,4070340.474,7.222032380284503
534727.5358,4070342.624,6.7533877743582735
534727.4701,4070344.768,6.584934734762641
534727.3986,4070346.913,6.916449767435552
534727.3216,4070349.061,7.047869016957705
534727.2411,4070351.206,6.879384049659706
534727.1596,4070353.366,6.910420166476982
534727.0811,4070355.534,6.741200861515239
534727.0083,4070357.721,6.871374929815644
534726.9451,4070359.907,7.601580925818411
534726.8959,4070362.098,7.831627283207496
534726.8622,4070364.282,7.661897134673197
534726.8437,4070366.486,7.191528431669582
534726.8395,4070368.639,6.622788042563485
534726.8469,4070370.779,5.554462713864638
534726.8593,4070372.89,5.087063289160142
534726.8707,4070374.9460000005,5.521419889249955
534726.8759,4070376.95,5.657436730983321
534726.8676,4070378.887,5.395592730201315
534726.8438,4070380.775,4.435313187868445
534726.8035,4070382.619,3.676438465385587
534726.7463,4070384.438,3.5183619360002893
534726.6721,4070386.238,3.5608920333528715
534726.586,4070388.04,4.003358275271609
534726.4920000001,4070389.87,4.344930540912898
534726.3949,4070391.741,4.3851937698986205
534726.299,4070393.692,4.322902780977898
534726.2079,4070395.728,4.6578979355370365
534726.1232,4070397.858,4.5898918840801315
534726.0475,4070400.063,5.119491253345046
534725.9853,4070402.344,5.446664115614837
534725.9395,4070404.674,5.372272519406394
534725.9136,4070407.063,5.795997187521422
534725.9127,4070409.424,6.020615831884783
534725.9447,4070411.791,5.845042909917538
534726.0088,4070414.113,5.570906735517198
534726.1039999999,4070416.376,5.798654296793387
534726.2275,4070418.562,5.828860292810717
534726.373,4070420.629,3.662865687941661
534726.5249,4070422.598,0.0
